5 5 5 0 0 0 32 32 32 32 
0 0 0 0 4 0 0 0 0 0 
129 129 129 0 4 0 0 36 0 160 
0 0 0 0 0 0 0 36 0 160 
0 1 0 0 0 128 0 36 0 160 
0 1 0 0 0 128 0 36 0 160 
0 0 0 0 0 0 0 0 0 160 
132 132 0 0 0 133 133 133 0 160 
0 0 0 0 0 0 0 0 0 0 
0 0 0 0 0 0 0 0 0 0 
0 0 36 0 0 0 0 1 1 0 
0 0 36 0 132 0 0 0 0 0 
0 0 36 0 132 0 133 0 0 0 
5 0 36 0 0 0 133 0 0 0 
5 0 0 0 160 0 133 0 0 0 
5 0 128 0 160 0 0 0 0 129 
0 0 128 0 160 0 32 0 0 129 
0 0 0 0 160 0 32 0 0 129 
4 4 0 0 160 0 32 0 0 0 
0 0 0 0 160 0 32 0 0 0 
0 36 36 
4 1 32 
0 36 32 
4 4 129 
0 36 133 
4 133 5 
4 133 1 
0 36 129 
0 36 5 
4 32 5 
0 36 1 
0 36 132 
4 133 129 
4 133 133 
4 36 36 
0 36 128 
4 133 0 
4 133 4 
4 132 128 
0 36 4 
4 133 32 
0 36 0 
4 128 4 
4 128 128 
4 128 132 
0 32 0 
0 133 0 
4 128 0 
4 132 36 
4 128 36 
4 4 36 
0 129 0 
4 1 36 
4 132 32 
0 5 0 
0 1 0 
0 132 0 
0 128 0 
4 5 36 
4 5 32 
0 4 0 
4 129 36 
4 133 36 
4 132 0 
0 0 0 
4 36 32 
0 0 4 
4 5 4 
4 129 4 
0 0 128 
0 0 132 
4 5 128 
0 0 1 
4 1 4 
4 1 5 
4 132 5 
0 0 5 
4 1 1 
0 0 129 
4 5 5 
4 5 0 
0 0 133 
0 0 32 
0 0 36 
4 129 128 
0 4 36 
4 0 5 
0 128 36 
4 0 32 
4 4 32 
0 132 36 
4 0 36 
4 0 133 
4 4 132 
0 1 36 
4 5 129 
0 5 36 
0 129 36 
0 133 36 
0 32 36 
4 32 36 
0 32 32 
4 32 133 
0 32 133 
4 32 128 
0 32 129 
0 32 5 
4 36 1 
0 32 1 
0 32 132 
4 128 32 
0 32 128 
4 32 0 
0 32 4 
0 133 4 
4 32 1 
0 129 4 
4 129 132 
0 5 4 
4 36 133 
0 1 4 
4 132 4 
0 132 4 
4 0 132 
0 128 4 
4 36 129 
0 4 4 
4 4 133 
0 4 128 
0 4 132 
4 32 4 
0 4 1 
0 4 5 
4 4 0 
0 4 129 
4 129 5 
0 4 133 
4 0 1 
0 4 32 
4 0 4 
4 0 128 
4 0 0 
4 132 129 
0 128 32 
4 4 1 
4 4 5 
0 132 32 
4 128 1 
4 128 5 
0 1 32 
4 5 132 
0 5 32 
4 1 132 
0 129 32 
4 36 5 
0 133 32 
4 128 133 
4 132 133 
4 1 133 
4 5 133 
4 1 129 
0 32 32 
0 133 133 
4 36 0 
0 133 129 
0 133 5 
4 5 1 
0 133 1 
0 133 132 
4 129 129 
0 133 128 
4 36 4 
0 129 128 
0 5 128 
0 1 128 
4 32 129 
0 132 128 
0 128 128 
0 128 132 
4 32 132 
0 128 1 
0 128 5 
4 1 128 
0 128 129 
0 128 133 
4 4 4 
0 132 133 
4 129 32 
0 1 133 
4 4 128 
0 5 133 
4 32 32 
0 129 133 
4 129 1 
0 129 129 
0 129 5 
4 129 133 
0 129 1 
0 129 132 
4 128 129 
0 5 132 
4 132 132 
0 1 132 
4 133 132 
0 132 132 
4 36 132 
0 132 1 
4 0 129 
